latitude=19.8021483
longitude=72.7577095
